1 1.000000000000e+00
2 9.604792440539e-01
3 9.591423205565e-01
4 6.646464009769e-01
5 5.741919695217e-01
6 3.203568199524e-01
7 2.521655605599e-01
8 2.354837861709e-01
9 2.348628967163e-01
10 2.096534878866e-01
11 2.026568577747e-01
12 1.943246766877e-01
13 1.932542315127e-01
14 1.760414985331e-01
15 1.755750125152e-01
16 1.755568183177e-01
17 1.677762740022e-01
18 1.624411672816e-01
19 1.406628095216e-01
20 1.374181507878e-01
21 1.084896770076e-01
22 1.024377685809e-01
23 1.021288919072e-01
24 8.646951431071e-02
25 6.958360714988e-02
26 3.848316006125e-02
27 3.249417348391e-02
28 3.207927748066e-02
29 3.141106185479e-02
30 3.084475216179e-02
31 2.332630223878e-02
32 1.773634705781e-02
33 1.726512088834e-02
34 1.616740569792e-02
35 1.615039805741e-02
36 1.612159135707e-02
37 1.543642096945e-02
38 1.494918637161e-02
39 1.471049463825e-02
40 1.451619340130e-02
41 1.444375746610e-02
42 1.441896283787e-02
43 1.439592106513e-02
44 1.413118551975e-02
45 1.412864196154e-02
46 1.398972096760e-02
47 1.398111944019e-02
48 1.398104924081e-02
49 1.375512152407e-02
50 1.269690574891e-02
51 1.267843139819e-02
52 1.239024324149e-02
53 1.238847736139e-02
54 1.234668794963e-02
55 1.204185538910e-02
56 1.062374979342e-02
57 9.246288085902e-03
58 5.973908181959e-03
59 5.881465409148e-03
60 5.829369060585e-03
61 5.819177389858e-03
62 5.737308839789e-03
63 5.653994297100e-03
64 5.614835651466e-03
65 5.564964549252e-03
66 5.514172394893e-03
67 5.358372778781e-03
68 5.216493432639e-03
69 5.211975495022e-03
70 5.211304653843e-03
71 5.196763971352e-03
72 5.067788021394e-03
73 5.047363824863e-03
74 5.026273039580e-03
75 4.668402174936e-03
76 4.614635536078e-03
77 4.544766414410e-03
78 4.454938603091e-03
79 4.442426801987e-03
80 4.416779858749e-03
81 4.403374651657e-03
82 4.377000965939e-03
83 4.374757862024e-03
84 4.374747643705e-03
85 4.326422547170e-03
86 4.326260142376e-03
87 4.322608117718e-03
88 4.298151610161e-03
89 4.288392253580e-03
90 4.274929552940e-03
91 3.992731006620e-03
92 3.344305160984e-03
93 3.280093870186e-03
94 3.187502182596e-03
95 3.034032543159e-03
96 2.897791229387e-03
97 2.885203340203e-03
98 2.880079846963e-03
99 2.701318465984e-03
100 2.647343224429e-03
101 2.626604805667e-03
102 2.569311711723e-03
103 2.548044129967e-03
104 2.547720608167e-03
105 2.530149059842e-03
106 2.511189085504e-03
107 2.495355288595e-03
108 2.405304017667e-03
109 2.366740441386e-03
110 2.366353418775e-03
111 2.366345160597e-03
112 2.337454631961e-03
113 2.229274813880e-03
114 2.190658793756e-03
115 1.835263136933e-03
116 1.487365848830e-03
117 1.031119814015e-03
118 9.949801680890e-04
119 9.383338006366e-04
120 9.117236455389e-04
121 7.054465131702e-04
122 6.980593025177e-04
123 6.911077576685e-04
124 6.587364749299e-04
125 5.627639742587e-04
126 4.736613544910e-04
127 4.649252209053e-04
128 4.637899371153e-04
129 4.626689461200e-04
130 4.512653610454e-04
131 4.511189418706e-04
132 4.439585876024e-04
133 4.308213091273e-04
134 4.206159566449e-04
135 4.204241999961e-04
136 4.179409790689e-04
137 4.151424782974e-04
138 3.887093968206e-04
139 3.886883830390e-04
140 3.778901789693e-04
141 2.510961900461e-04
142 1.779880731586e-04
143 1.734428268654e-04
144 1.608615051507e-04
145 1.590222139387e-04
146 1.505268750257e-04
147 9.599324076199e-05
148 8.389006258999e-05
149 6.594000381864e-05
150 4.938001530355e-05
151 4.263899432897e-05
152 2.985221990146e-05
153 2.527967749140e-05
154 2.515308109960e-05
155 2.515302847490e-05
156 2.498265097509e-05
157 2.274679380655e-05
158 2.274678479748e-05
159 2.063451620951e-05
160 2.046304705272e-05
161 2.043359156151e-05
162 1.915289613692e-05
163 1.740336178979e-05
164 1.336213489626e-05
165 8.930088456300e-06
166 7.244920083914e-06
167 6.746232142098e-06
168 5.981696648852e-06
169 3.540559193898e-06
170 1.737135236642e-06
171 1.214221327345e-06
172 1.133792970755e-06
173 1.133703432561e-06
174 8.747911767972e-07
175 4.131358232534e-07
176 4.073066449266e-07
177 3.125643098475e-07
178 3.125346186554e-07
179 3.117462523082e-07
180 3.034939234423e-07
181 2.684879332435e-07
182 1.996732840694e-07
183 1.145370627628e-07
184 7.997015252308e-08
185 3.810134809870e-08
186 3.751728959420e-08
187 2.905044736511e-08
188 2.160921616858e-08
189 2.160892587408e-08
190 2.154620747034e-08
191 1.879500298026e-08
192 1.160395424579e-08
193 6.909922035673e-09
